1024 1.5 0.02 3.90915864256858 0.100579607586466
1024 1.5 0.04 4.52970444755079 0.111708498553787
1024 1.5 0.08 4.3270692596381 0.102809294829793
1024 1.5 0.12 3.55811255421204 0.108324775142936
1024 1.5 0 4.49771400184285 0.0984826056415666
1024 10.5 0.02 4.51968532719922 0.107962604977762
1024 10.5 0.04 4.96540999967088 0.172068033723206
1024 10.5 0.08 11.3478894752358 0.132248797096524
1024 10.5 0.1 6.07712097197713 0.227737362945381
1024 12 0.02 5.64041903566408 0.130046274184403
1024 12 0.04 5.57743724876718 0.146334895495436
1024 12 0.08 6.10549236696057 0.18728086705566
1024 12 0.1 8.43236643054866 0.186043436588918
1024 12 0.12 10.2386307499372 0.184568916826373
1024 13.5 0.02 6.65888649360658 0.140704458609338
1024 13.5 0.04 10.6192785716354 0.126516574246623
1024 13.5 0.06 5.11554940971296 0.226662383885081
1024 15 0.02 6.69437753686087 0.13978337234557
1024 15 0.04 22.6870578406267 0.0336042439893027
1024 16.5 0.02 6.22075100528776 0.135211706723953
1024 16.5 0.04 7.71244029076961 0.14852653363648
1024 18 0.02 5.81047939880796 0.163615275065442
1024 18 0.04 8.72134474984213 0.128527754605424
1024 18 0.08 6.28438996875981 0.290630599385949
1024 18 0.1 19.2828799810065 0.10590635905642
1024 18 0.12 20.7314723442298 0.0948868908393715
1024 18 0 4.01158274895747 0.112186124415215
1024 19.5 0.02 16.2850630276032 0.0535489632581837
1024 21 0.02 8.89681918369477 0.105239820317642
1024 21 0.06 15.7420276415753 0.121533954744447
1024 21 0.12 11.7430975509747 0.254329263556038
1024 24 0.02 14.8260838273993 0.0794430763809812
1024 24 0.04 14.1176694352263 0.0952099412934674
1024 24 0.08 14.6823920364749 0.15167778285889
1024 24 0 4.35793614632767 0.101253644782619
1024 3 0.04 21.2611117965842 0.00980809132003434
1024 3 0.06 3.82356093350357 0.179414768782352
1024 3 0.08 4.73261352790073 0.108650685726442
1024 3 0.1 3.8201196565992 0.122929737074772
1024 3 0.12 3.64588551520328 0.113847279591224
1024 4.5 0.04 3.76926586102552 0.116277669781023
1024 4.5 0.08 6.65755351447899 0.110381150303956
1024 4.5 0.1 6.93946440544682 0.144905645536803
1024 4.5 0.12 5.05307869775224 0.231741970831311
1024 4.5 0 5.3433325059801 0.0942860510870428
1024 6 0.02 4.55640662636851 0.122058939424297
1024 6 0.04 4.52746647105517 0.131236072082682
1024 6 0.06 5.35748023770306 0.115738332097958
1024 6 0.08 7.35530589064675 0.135843937777466
1024 6 0.1 4.83257135273368 0.165902671356766
1024 6 0.12 5.26119599377825 0.208757830638352
1024 6 0 4.11188063202258 0.115377345251872
1024 7.5 0.02 3.8049694526465 0.118970610547512
1024 7.5 0.04 4.56830552528155 0.1140061456604
1024 7.5 0.08 5.44268687611251 0.190115651340196
1024 7.5 0.1 12.6289145243976 0.106896769253427
1024 7.5 0.12 7.33638858100012 0.179120071380705
1024 9 0.02 4.58256896871943 0.133275114239619
1024 9 0.1 8.25524538925422 0.146830840951328
1024 9 0.12 8.14736207239945 0.196532013701844
1024 9 0 4.15493485999914 0.0975190485073871
2332 1.5 0.02 4.25440296697652 0.0846158644979952
2332 1.5 0.08 2.98043866357534 0.137773211887587
2332 1.5 0.12 4.7442115159786 0.0890342005677927
2332 10.5 0.04 3.59116435347855 0.209322332476283
2332 10.5 0.06 4.56340575404198 0.194029057723351
2332 12 0.02 3.5850660103856 0.11758247975795
2332 12 0.04 14.6612108648861 0.0458429317201532
2332 12 0.12 17.1944884048448 0.0911295418375384
2332 13.5 0.06 15.5975810914435 0.047573274724462
2332 13.5 0.1 10.3231478638012 0.156060257266538
2332 15 0.06 23.1725112403461 0.0342037817419266
2332 15 0.08 24.5879839431509 0.0550093945923382
2332 16.5 0.12 15.8523275718293 0.128811180576652
2332 16.5 0 2.9321859250661 0.116447397986959
2332 18 0.08 16.3266829586895 0.0973458968050473
2332 18 0.1 19.3112469058272 0.0991657888678507
2332 18 0.12 19.0511064355506 0.12629009537045
2332 19.5 0.04 17.7097331078066 0.0599394712780668
2332 19.5 0.1 20.0757112657329 0.104997549298976
2332 21 0.1 20.2500417447643 0.117377683896817
2332 21 0.12 17.4137468725797 0.148373349448852
2332 22.5 0.02 23.7983079221081 0.028543159451162
2332 22.5 0.06 20.2649265189179 0.0653376824986056
2332 22.5 0.08 16.0551132734037 0.100534267627003
2332 22.5 0.1 23.2945846040103 0.0975865503417349
2332 22.5 0.12 24.8217352858769 0.109954937212154
2332 22.5 0 3.17335402407849 0.142501814251942
2332 24 0.04 16.24395150739 0.0450130185169768
2332 24 0.06 18.831463345724 0.0914516279514307
2332 24 0.08 28.6059361814511 0.0696668193243039
2332 24 0.1 26.0015909959928 0.0860583231531525
2332 24 0.12 21.5924554728768 0.128001140425845
2332 3 0.02 3.82234071864923 0.113378380730628
2332 3 0.06 3.26483211944355 0.205723222260856
2332 3 0.08 3.84213861934247 0.138644706246891
2332 3 0.1 4.01935698941963 0.169945746846136
2332 3 0.12 3.44975348807453 0.179554141484114
2332 4.5 0.02 4.46283519404729 0.082871931875976
2332 6 0.08 6.35798528160474 0.109410689497386
2332 6 0.12 4.09815570205174 0.22866616956664
2332 7.5 0.02 3.12943944666288 0.189365360478868
2332 7.5 0.04 3.78890503855696 0.177809807062557
2332 7.5 0.08 4.69468440402029 0.215565138240273
2332 7.5 0.12 3.93300927082855 0.270528133207654
