1024 1.5 0.02 1660 1.43962234040917 0.281148835383832 0.0886042167066987 0.281148835383832
1024 1.5 0.04 7960 1.36338261935779 0.364177216914886 0.424873231918868 0.364177216914886
1024 1.5 0.08 2510 1.39845305008181 0.290128731521268 0.133973845743261 0.290128731521268
1024 1.5 0.12 3060 1.50353114279658 0.311422468516758 0.163330664531625 0.311422468516758
1024 1.5 0 4010 1.3168232484617 0.300890465713431 0.214037896984254 0.300890465713431
1024 10.5 0.02 3060 1.41518340729785 0.301728056077953 0.163330664531625 0.301728056077953
1024 10.5 0.04 2110 5.317743731985 1.00420686346174 0.112623432078997 0.00420686346173649
1024 10.5 0.06 810 13.5824883419664 2.00076857720176 0.0432345876701361 0.000768577201764487
1024 10.5 0.08 1160 16.7777048929101 3.96247885319108 0.0619161996263678 0.0375211468089227
1024 10.5 0.1 9960 2.75613508673669 1.17185321797128 0.531625300240192 0.171853217971278
1024 10.5 0.12 9410 3.23226125207617 1.4499165416707 0.502268481451828 0.449916541670697
1024 10.5 0 3010 1.24244952992665 0.281049360136866 0.160661862823592 0.281049360136866
1024 12 0.02 710 9.26240905207766 0.991934574826722 0.0378969842540699 0.00806542517327824
1024 12 0.04 360 21.0500855002935 1.98929736237373 0.0192153722978383 0.0107026376262691
1024 12 0.06 4910 3.46114542797871 1.00174594683253 0.26207632772885 0.00174594683253004
1024 12 0.08 5010 3.41202076873761 0.999957873321617 0.267413931144916 4.2126678382548e-05
1024 12 0.1 4410 5.57926217010396 2.00633953464915 0.235388310648519 0.00633953464914638
1024 12 0.12 1360 19.4270142951678 5.96085894972071 0.0725914064585001 0.0391410502792908
1024 13.5 0.02 410 19.9237046862386 2.03692999371416 0.0218841740058714 0.0369299937141632
1024 13.5 0.04 1010 15.3735848386241 2.97996860698709 0.0539097945022685 0.0200313930129119
1024 13.5 0.06 9810 2.36961716661631 0.895119279634763 0.523618895116093 0.895119279634763
1024 13.5 0.08 4660 3.5931811269046 1.00089395566646 0.248732319188684 0.00089395566645889
1024 13.5 0.1 2010 10.6435392827264 2.9895704410062 0.10728582866293 0.0104295589937973
1024 13.5 0.12 3360 8.1367152258702 2.99725000826876 0.179343474779824 0.00274999173123991
1024 15 0.02 560 16.303127023636 1.93673885784165 0.0298905791299706 0.0632611421583498
1024 15 0.04 160 59.6298959069653 4.95072955263334 0.0085401654657059 0.0492704473666645
1024 15 0.06 210 52.1071604678331 5.19709403327345 0.011208967173739 0.197094033273451
1024 15 0.08 3210 8.30176791827778 2.98716638364339 0.171337069655725 0.0128336163566143
1024 15 0.1 2810 11.93877755323 4.99310483609316 0.14998665599146 0.00689516390683664
1024 15 0.12 2010 17.2340166263478 6.98753442455372 0.10728582866293 0.0124655754462815
1024 16.5 0.02 960 7.95556524880567 1.01069418185578 0.0512409927942354 0.0106941818557835
1024 16.5 0.04 960 12.4612997592407 2.02206677920746 0.0512409927942354 0.0220667792074574
1024 16.5 0.06 1710 11.7030044887578 3.02056938583201 0.0912730184147318 0.0205693858320086
1024 16.5 0.08 2160 13.7286278134552 4.98163689548963 0.11529223378703 0.0183631045103718
1024 16.5 0.1 4010 7.45181337987695 3.02058732876252 0.214037896984254 0.020587328762522
1024 16.5 0.12 4110 10.7810236974428 5.97056700484538 0.21937550040032 0.0294329951546155
1024 18 0.02 2210 5.12237071243816 1.00094973631894 0.117961035495063 0.000949736318935024
1024 18 0.04 610 19.9238293608578 2.91977163058124 0.0325593808380037 0.0802283694187578
1024 18 0.06 2160 10.2241676386724 2.98493996364304 0.11529223378703 0.0150600363569593
1024 18 0.08 9960 3.62471041404946 1.88926967148428 0.531625300240192 1.88926967148428
1024 18 0.1 1360 24.7941392267154 9.04834534606415 0.0725914064585001 0.0483453460641474
1024 18 0.12 810 40.9506535164605 12.9511193448413 0.0432345876701361 0.0488806551586798
1024 18 0 1960 1.37233320667308 0.28098447824253 0.104617026954897 0.28098447824253
1024 19.5 0.02 60 130.311982022631 6.07461829561281 0.00320256204963971 0.0746182956128143
1024 19.5 0.04 510 26.2848162024583 3.91973332218064 0.0272217774219375 0.0802666778193588
1024 19.5 0.06 810 28.6016033767497 7.0280852748298 0.0432345876701361 0.0280852748297979
1024 19.5 0.08 1210 24.8393028348708 8.10663737148303 0.0645850013344009 0.10663737148303
1024 19.5 0.1 960 29.9210209871763 8.94256374488986 0.0512409927942354 0.0574362551101402
1024 19.5 0.12 6010 8.00372976553621 5.00906450008548 0.320789965305578 0.00906450008547832
1024 21 0.02 260 32.920796394654 3.02517597111895 0.0138777688817721 0.0251759711189479
1024 21 0.04 410 38.3862265826553 6.00355474901884 0.0218841740058714 0.00355474901884012
1024 21 0.06 1310 21.9876611275291 7.08600453948864 0.069922604750467 0.0860045394886422
1024 21 0.08 2110 16.8490074079798 7.01052597317849 0.112623432078997 0.0105259731784901
1024 21 0.1 1560 18.1043614520416 5.9624991010161 0.0832666132906325 0.0375008989839003
1024 21 0.12 6010 8.8134125061801 6.00917524082123 0.320789965305578 0.00917524082122778
1024 22.5 0.02 410 19.2643289042238 1.93192988583163 0.0218841740058714 0.0680701141683668
1024 22.5 0.04 510 34.2361123973436 6.11925951299018 0.0272217774219375 0.119259512990181
1024 22.5 0.06 5760 4.88147547485543 1.9942924396622 0.307445956765412 0.00570756033780095
1024 22.5 0.08 1160 23.3032514252643 6.97077918827945 0.0619161996263678 0.0292208117205472
1024 22.5 0.1 3310 15.1868909855415 9.00696829346916 0.176674673071791 0.00696829346915884
1024 22.5 0.12 2260 19.864205323949 10.0541740461209 0.120629837203096 0.0541740461208988
1024 24 0.02 410 29.8143414164618 3.93067208741557 0.0218841740058714 0.0693279125844257
1024 24 0.04 660 25.8632260324137 4.8612042242615 0.0352281825460368 0.138795775738498
1024 24 0.06 1510 20.2820533118012 7.06686974936537 0.0805978115825994 0.0668697493653658
1024 24 0.08 1760 20.0007986538849 7.9847491368707 0.0939418201227649 0.0152508631292978
1024 24 0.1 2010 22.2104995184701 10.9098057734846 0.10728582866293 0.0901942265154467
1024 24 0.12 2510 24.4477084739804 16.1040786623363 0.133973845743261 0.104078662336253
1024 24 0 960 1.47857189005535 0.270737519320532 0.0512409927942354 0.270737519320532
1024 3 0.04 1910 1.38208014925614 0.280721658720281 0.101948225246864 0.280721658720281
1024 3 0.06 9060 1.73701353629729 0.51932555581705 0.483586869495596 0.51932555581705
1024 3 0.08 7710 1.41022953576059 0.37290036672523 0.411529223378703 0.37290036672523
1024 3 0.1 9210 1.31406358850033 0.363332086066002 0.491593274619696 0.363332086066002
1024 3 0.12 6960 1.29906514916806 0.331607779174186 0.371497197758207 0.331607779174186
1024 4.5 0.04 4960 1.41965593512293 0.333626784338141 0.264745129436883 0.333626784338141
1024 4.5 0.08 110 42.0417279440422 2.05220804760078 0.0058713637576728 0.0522080476007822
1024 4.5 0.1 2510 4.84507068356197 0.995138899629009 0.133973845743261 0.00486110037099075
1024 4.5 0.12 9560 2.54682685749335 0.98106765058882 0.510274886575927 0.98106765058882
1024 4.5 0 4960 1.31064622922531 0.313188139351395 0.264745129436883 0.313188139351395
1024 6 0.02 8660 1.39644501054737 0.384670350978929 0.462236455831332 0.384670350978929
1024 6 0.04 6310 1.54409093365138 0.385227963417064 0.336802775553776 0.385227963417064
1024 6 0.06 260 15.2444533152551 0.948214062497491 0.0138777688817721 0.0517859375025089
1024 6 0.08 510 17.2733471815883 1.96647849835107 0.0272217774219375 0.0335215016489347
1024 6 0.1 9960 1.72470188555278 0.545449772997227 0.531625300240192 0.545449772997227
1024 6 0.12 5660 3.23054985735471 1.00088002934507 0.302108353349346 0.000880029345066147
1024 6 0 7460 1.3877380228 0.366183799244675 0.398185214838537 0.366183799244675
1024 7.5 0.02 110 27.295687728073 1.09749977058682 0.0058713637576728 0.0974997705868186
1024 7.5 0.04 6760 1.46788013620032 0.374653273845729 0.360821990926074 0.374653273845729
1024 7.5 0.06 7110 2.92774802744473 1.00004488173113 0.379503602882306 4.48817311322625e-05
1024 7.5 0.08 4460 3.64885201362093 1.00003130834493 0.238057112356552 3.13083449332563e-05
1024 7.5 0.1 660 19.3094303808719 2.97737461422778 0.0352281825460368 0.0226253857722156
1024 7.5 0.12 2310 7.5186185403734 1.99348609115017 0.123298638911129 0.00651390884982783
1024 9 0.02 410 12.670571084075 1.0317913498469 0.0218841740058714 0.0317913498468982
1024 9 0.04 760 9.07454539158058 1.01784419724661 0.040565785962103 0.0178441972466137
1024 9 0.06 910 12.7939601079615 2.01025961527068 0.0485721910862023 0.0102596152706811
1024 9 0.08 1210 10.9869620259301 1.99819096259946 0.0645850013344009 0.00180903740053862
1024 9 0.1 1210 10.9869620259301 1.98784104069057 0.0645850013344009 0.0121589593094311
1024 9 0.12 2310 9.85925984449548 2.98488537637277 0.123298638911129 0.0151146236272268
1024 9 0 1010 1.72254760898934 0.29469974270704 0.0539097945022685 0.29469974270704
2332 1.5 0.02 10 26.8641737298583 1.5909738096757 0.000533760341606619 1.4090261903243
2332 1.5 0.08 6360 1.41396964692782 1.79462362805532 0.339471577261809 1.79462362805532
2332 1.5 0.12 60 27.074243445631 3.14811474380086 0.00320256204963971 0.148114743800859
2332 10.5 0.04 9860 1.72452706562569 2.70134185400645 0.526287696824126 0.701341854006452
2332 10.5 0.06 4060 3.31510636043683 4.00078319550485 0.216706698692287 0.000783195504854284
2332 10.5 0.08 1810 10.3904908940845 12.0604578776249 0.096610621830798 0.0604578776248879
2332 10.5 0.1 2510 7.72433396710552 9.99126258992709 0.133973845743261 0.00873741007291073
2332 10.5 0.12 1660 16.3163958067586 23.8588400627028 0.0886042167066987 0.141159937297196
2332 12 0.02 5410 1.37694928838638 1.67267637137233 0.288764344809181 1.67267637137233
2332 12 0.04 310 32.8521705380838 14.4225498276361 0.0165465705898052 0.422549827636132
2332 12 0.06 560 19.2683993738935 11.183514052256 0.0298905791299706 0.18351405225598
2332 12 0.08 1310 14.3371218028438 15.0381879155056 0.069922604750467 0.0381879155056168
2332 12 0.1 3660 6.29262123919543 9.98614203272203 0.195356285028022 0.013857967277966
2332 12 0.12 1510 17.9165081457466 24.8034641936818 0.0805978115825994 0.196535806318231
2332 12 0 4210 1.7945625937315 2.22913267814931 0.224713103816386 0.229132678149309
2332 13.5 0.02 1160 6.23745217185024 3.98654974336964 0.0619161996263678 0.0134502566303563
2332 13.5 0.04 910 14.3293053001211 10.8515001583131 0.0485721910862023 0.148499841686924
2332 13.5 0.06 660 20.277604738486 13.9738649451747 0.0352281825460368 0.0261350548252999
2332 13.5 0.08 1560 11.2105103657499 11.9779159452205 0.0832666132906325 0.022084054779512
2332 13.5 0.1 2910 9.49242456153626 15.9628681180199 0.155324259407526 0.0371318819801338
2332 13.5 0.12 2760 11.4593531174292 20.8492582168486 0.147317854283427 0.150741783151439
2332 13.5 0 2610 1.55392503673554 1.57014104841167 0.139311449159327 1.57014104841167
2332 15 0.02 1210 7.19832037160634 4.9689773925355 0.0645850013344009 0.0310226074645019
2332 15 0.04 510 22.4560102245667 12.9126624941207 0.0272217774219375 0.0873375058792849
2332 15 0.06 610 23.9984131095739 16.8015824500073 0.0325593808380037 0.198417549992655
2332 15 0.08 610 40.1507928656782 36.5397799882644 0.0325593808380037 0.539779988264378
2332 15 0.1 2610 11.5146710627614 20.0135210149144 0.139311449159327 0.0135210149143958
2332 15 0.12 2460 13.3139584286187 24.0618837713596 0.131305044035228 0.0618837713595859
2332 16.5 0.02 210 34.452983839101 10.8577476648267 0.011208967173739 0.142252335173291
2332 16.5 0.04 260 33.9552307591027 12.8587116285981 0.0138777688817721 0.14128837140192
2332 16.5 0.06 810 25.5010305912194 24.0746488055662 0.0432345876701361 0.0746488055661736
2332 16.5 0.08 1260 18.9175958560511 22.8156961882697 0.0672538030424339 0.184303811730334
2332 16.5 0.1 2510 15.0077523623844 29.9665549849727 0.133973845743261 0.0334450150272723
2332 16.5 0.12 2310 16.2719344980272 31.8161418520477 0.123298638911129 0.183858147952296
2332 16.5 0 3260 1.40706567025203 1.53963439354239 0.174005871363758 1.53963439354239
2332 18 0.02 310 17.9176538494821 6.1130202507544 0.0165465705898052 0.113020250754397
2332 18 0.04 960 13.1404445621643 10.0145009118378 0.0512409927942354 0.0145009118378177
2332 18 0.06 1410 12.549309895847 13.0267558894963 0.0752602081665332 0.0267558894962576
2332 18 0.08 1660 17.8896643241553 26.9953532260868 0.0886042167066987 0.00464677391315149
2332 18 0.1 2160 16.6180256015219 30.7973082666197 0.11529223378703 0.20269173338027
2332 18 0.12 2510 17.5616782931964 38.9808349611995 0.133973845743261 0.019165038800466
2332 19.5 0.02 110 46.5186561056657 9.20548251541186 0.0058713637576728 0.794517484588143
2332 19.5 0.04 960 18.5813315181613 17.1352591358949 0.0512409927942354 0.135259135894916
2332 19.5 0.06 1110 20.9111078695423 23.7159913883616 0.0592473979183347 0.284008611638356
2332 19.5 0.08 1660 19.8204938682331 32.0223141525822 0.0886042167066987 0.0223141525821546
2332 19.5 0.1 1560 24.6034628728195 42.8200676605283 0.0832666132906325 0.179932339471662
2332 19.5 0.12 2010 16.6614131059618 28.8854789442767 0.10728582866293 0.114521055723284
2332 19.5 0 10 26.8641737298583 1.58996065414098 0.000533760341606619 0.41003934585902
2332 21 0.02 510 15.0075232687634 7.13963608810648 0.0272217774219375 0.139636088106482
2332 21 0.04 710 24.4375461066459 19.8840488513739 0.0378969842540699 0.11595114862612
2332 21 0.06 1160 20.9738983473405 24.8609528256331 0.0619161996263678 0.139047174366883
2332 21 0.08 1460 22.3173353153485 34.2664400016206 0.0779290098745663 0.266440001620609
2332 21 0.1 2310 18.9442001104177 40.9117929578898 0.123298638911129 0.0882070421102057
2332 21 0.12 2860 16.5310695022789 40.121478324793 0.152655457699493 0.121478324792989
2332 21 0 110 18.4598671755655 3.08479233988605 0.0058713637576728 0.0847923398860524
2332 22.5 0.02 360 34.0340202816499 17.4044698560093 0.0192153722978383 0.404469856009264
2332 22.5 0.04 510 27.1113145719438 17.1561934790973 0.0272217774219375 0.156193479097269
2332 22.5 0.06 1160 20.4622161884693 23.8715723392731 0.0619161996263678 0.12842766072686
2332 22.5 0.08 2010 14.9486779990536 24.1686348726302 0.10728582866293 0.168634872630179
2332 22.5 0.1 1410 30.5663282104831 54.5564141159077 0.0752602081665332 0.443585884092336
2332 22.5 0.12 2010 26.2291057721383 60.5028278983531 0.10728582866293 0.497172101646868
2332 22.5 0 7860 1.39538015240374 1.88905896986094 0.419535628502802 1.88905896986094
2332 24 0.02 510 25.0164276156241 15.2434596117826 0.0272217774219375 0.243459611782633
2332 24 0.04 510 23.619836311411 13.9185535915774 0.0272217774219375 0.0814464084226234
2332 24 0.06 1560 19.8093946458571 30.1053040441457 0.0832666132906325 0.105304044145726
2332 24 0.08 1260 29.9406915071619 47.3184483275695 0.0672538030424339 0.318448327569548
2332 24 0.1 1460 28.5780819496464 50.6570183614478 0.0779290098745663 0.342981638552175
2332 24 0.12 2260 23.5433288158027 57.2107462953811 0.120629837203096 0.210746295381099
2332 3 0.02 7160 1.31797711897857 1.72582438694429 0.382172404590339 0.725824386944289
2332 3 0.04 1510 2.82222332140333 2.00321948471062 0.0805978115825994 0.00321948471061972
2332 3 0.06 9710 1.65014058095391 2.55757215918725 0.518281291700027 0.557572159187254
2332 3 0.08 6660 1.59139036394898 2.05008249543812 0.355484387510008 0.0500824954381232
2332 3 0.1 2260 3.53066979503183 3.00114257584859 0.120629837203096 0.00114257584858635
2332 3 0.12 8310 1.58824812403912 2.25824420467368 0.4435548438751 1.25824420467368
2332 4.5 0.02 360 1.38869854566797 1.31227316249311 0.0192153722978383 0.312273162493115
2332 4.5 0.04 1910 3.80794919067936 2.99469009394232 0.101948225246864 0.00530990605768356
2332 4.5 0.06 510 7.55903631296001 2.9766228107735 0.0272217774219375 0.0233771892264967
2332 4.5 0.08 3960 2.68408985445375 2.99852858478399 0.211369095276221 0.00147141521600958
2332 4.5 0.1 1160 7.36315292136685 4.9568498772507 0.0619161996263678 0.0431501227493039
2332 4.5 0.12 5460 2.28665322458081 3.00119473154689 0.291433146517214 0.00119473154689498
2332 6 0.02 510 7.55903631296001 2.99242115667665 0.0272217774219375 0.0075788433233468
2332 6 0.04 7710 1.37227853128108 2.00106813732354 0.411529223378703 0.00106813732354105
2332 6 0.06 9960 1.90795191172682 3.23350859546783 0.531625300240192 1.23350859546783
2332 6 0.08 210 24.277818622691 6.74512588626577 0.011208967173739 0.254874113734227
2332 6 0.1 1910 6.4183318901772 5.9733815336959 0.101948225246864 0.0266184663041003
2332 6 0.12 9060 2.16848062162855 3.65780054414677 0.483586869495596 0.657800544146775
2332 6 0 2460 1.39467613920621 1.47046250371777 0.131305044035228 0.470462503717766
2332 7.5 0.02 9110 1.56265229774768 2.30615040794693 0.48625567120363 2.30615040794693
2332 7.5 0.04 3210 2.96662462338396 3.00130593241104 0.171337069655725 0.00130593241103982
2332 7.5 0.06 1160 7.46548935314109 5.05377534413773 0.0619161996263678 0.0537753441377333
2332 7.5 0.08 3910 3.9200527513968 4.97204049314654 0.208700293568188 0.0279595068534553
2332 7.5 0.1 1960 7.06747311295611 7.01900203679349 0.104617026954897 0.0190020367934869
2332 7.5 0.12 9810 2.32116612121478 4.3297050233015 0.523618895116093 1.3297050233015
2332 7.5 0 60 13.2247130121842 1.83434735967303 0.00320256204963971 0.165652640326968
2332 9 0.02 2810 3.11983425568974 2.98358616080053 0.14998665599146 0.0164138391994744
2332 9 0.04 610 14.4626708439219 7.81587658641897 0.0325593808380037 0.184123413581027
2332 9 0.06 1560 7.17740534941651 5.98470745273233 0.0832666132906325 0.0152925472676735
2332 9 0.08 1010 11.9517578964229 8.9565001641865 0.0539097945022685 0.0434998358134973
2332 9 0.1 9760 2.63200780436167 5.29322879114932 0.52095009340806 0.293228791149318
2332 9 0.12 1510 13.1995441381393 15.0715603141299 0.0805978115825994 0.071560314129858
