AUT_pi0 0.040864800802768 0.0255337597815451 0.0636720730370515
AUT_hyperGammaMeanDN[1] 5.72365580602239 3.12963436735988 8.57037763710967
AUT_hyperGammaMeanDN[2] 21.0150850709179 11.6041828013697 35.5736103456073
AUT_hyperGammaMeanCC[1] 6.70617225526008 2.67018407641263 13.8040083217769
ID_pi0 0.0278293275003122 0.0172747210496687 0.0474347717161144
ID_hyperGammaMeanDN[1] 16.1312155251122 9.4684049716085 25.5940455607946
ID_hyperGammaMeanDN[2] 137.587452087652 78.9604962160319 221.348108865883
EPI_pi0 0.0154500425072725 0.00748713304157273 0.0325627881329692
EPI_hyperGammaMeanDN[1] 46.4968186045493 22.8005119554287 87.3737408810738
EPI_hyperGammaMeanDN[2] 76.3407039104255 36.8854076380554 141.798429565959
